1001 0 0.333333333333333 0 0 0.333333333333333 0.333333333333333 0 0 0 0 0 0 0 0 0 0 0 0 0 0 0 0 0 0 0 0 0 0 0 0 0 0 0 0 0 0 0 0 0 0 0 0 0 0 0 0 0 0 0
1002 0.25 0 0.25 0 0 0.25 0.25 0 0 0 0 0 0 0 0 0 0 0 0 0 0 0 0 0 0 0 0 0 0 0 0 0 0 0 0 0 0 0 0 0 0 0 0 0 0 0 0 0 0
1003 0 0.166666666666667 0 0.166666666666667 0 0 0.166666666666667 0 0 0 0 0 0 0 0 0 0 0 0 0 0 0 0 0 0 0 0 0 0 0 0 0 0 0 0 0 0.166666666666667 0.166666666666667 0.166666666666667 0 0 0 0 0 0 0 0 0 0
1004 0 0 0.25 0 0 0 0 0 0 0 0 0 0 0 0 0 0 0 0 0 0 0 0 0 0 0 0 0 0 0 0 0 0 0 0 0 0.25 0 0.25 0.25 0 0 0 0 0 0 0 0 0
1005 0.5 0 0 0 0 0.5 0 0 0 0 0 0 0 0 0 0 0 0 0 0 0 0 0 0 0 0 0 0 0 0 0 0 0 0 0 0 0 0 0 0 0 0 0 0 0 0 0 0 0
1006 0.25 0.25 0 0 0.25 0 0.25 0 0 0 0 0 0 0 0 0 0 0 0 0 0 0 0 0 0 0 0 0 0 0 0 0 0 0 0 0 0 0 0 0 0 0 0 0 0 0 0 0 0
1007 0 0.125 0.125 0 0 0.125 0 0.125 0.125 0 0 0 0 0 0 0 0 0.125 0 0 0 0 0 0 0 0 0 0 0 0 0 0 0 0 0 0.125 0 0.125 0 0 0 0 0 0 0 0 0 0 0
1008 0 0 0 0 0 0 0.5 0 0 0 0 0 0 0 0 0 0 0.5 0 0 0 0 0 0 0 0 0 0 0 0 0 0 0 0 0 0 0 0 0 0 0 0 0 0 0 0 0 0 0
1009 0 0 0 0 0 0 0.166666666666667 0 0 0 0 0 0 0 0 0 0 0.166666666666667 0 0.166666666666667 0 0 0 0 0 0 0 0 0 0 0 0.166666666666667 0 0 0 0.166666666666667 0 0.166666666666667 0 0 0 0 0 0 0 0 0 0 0
1010 0 0 0 0 0 0 0 0 0 0 0.25 0 0 0 0 0 0.25 0.25 0.25 0 0 0 0 0 0 0 0 0 0 0 0 0 0 0 0 0 0 0 0 0 0 0 0 0 0 0 0 0 0
1011 0 0 0 0 0 0 0 0 0 0.333333333333333 0 0.333333333333333 0 0 0 0 0.333333333333333 0 0 0 0 0 0 0 0 0 0 0 0 0 0 0 0 0 0 0 0 0 0 0 0 0 0 0 0 0 0 0 0
1012 0 0 0 0 0 0 0 0 0 0 0.333333333333333 0 0.333333333333333 0 0 0 0.333333333333333 0 0 0 0 0 0 0 0 0 0 0 0 0 0 0 0 0 0 0 0 0 0 0 0 0 0 0 0 0 0 0 0
1013 0 0 0 0 0 0 0 0 0 0 0 0.25 0 0.25 0 0.25 0.25 0 0 0 0 0 0 0 0 0 0 0 0 0 0 0 0 0 0 0 0 0 0 0 0 0 0 0 0 0 0 0 0
1014 0 0 0 0 0 0 0 0 0 0 0 0 0.333333333333333 0 0.333333333333333 0.333333333333333 0 0 0 0 0 0 0 0 0 0 0 0 0 0 0 0 0 0 0 0 0 0 0 0 0 0 0 0 0 0 0 0 0
1015 0 0 0 0 0 0 0 0 0 0 0 0 0 0.5 0 0.5 0 0 0 0 0 0 0 0 0 0 0 0 0 0 0 0 0 0 0 0 0 0 0 0 0 0 0 0 0 0 0 0 0
1016 0 0 0 0 0 0 0 0 0 0 0 0 0.2 0.2 0.2 0 0.2 0 0 0 0 0 0.2 0 0 0 0 0 0 0 0 0 0 0 0 0 0 0 0 0 0 0 0 0 0 0 0 0 0
1017 0 0 0 0 0 0 0 0 0 0.1 0.1 0.1 0.1 0 0 0.1 0 0.1 0.1 0 0.1 0.1 0.1 0 0 0 0 0 0 0 0 0 0 0 0 0 0 0 0 0 0 0 0 0 0 0 0 0 0
1018 0 0 0 0 0 0 0.142857142857143 0.142857142857143 0.142857142857143 0.142857142857143 0 0 0 0 0 0 0.142857142857143 0 0.142857142857143 0.142857142857143 0 0 0 0 0 0 0 0 0 0 0 0 0 0 0 0 0 0 0 0 0 0 0 0 0 0 0 0 0
1019 0 0 0 0 0 0 0 0 0 0.166666666666667 0 0 0 0 0 0 0.166666666666667 0.166666666666667 0 0.166666666666667 0.166666666666667 0 0 0 0 0 0 0 0 0 0.166666666666667 0 0 0 0 0 0 0 0 0 0 0 0 0 0 0 0 0 0
1020 0 0 0 0 0 0 0 0 0.2 0 0 0 0 0 0 0 0 0.2 0.2 0 0 0 0 0 0 0 0 0 0 0 0.2 0.2 0 0 0 0 0 0 0 0 0 0 0 0 0 0 0 0 0
1021 0 0 0 0 0 0 0 0 0 0 0 0 0 0 0 0 0.25 0 0.25 0 0 0.25 0 0 0 0 0 0 0 0 0.25 0 0 0 0 0 0 0 0 0 0 0 0 0 0 0 0 0 0
1022 0 0 0 0 0 0 0 0 0 0 0 0 0 0 0 0 0.25 0 0 0 0.25 0 0.25 0 0 0 0 0 0 0 0.25 0 0 0 0 0 0 0 0 0 0 0 0 0 0 0 0 0 0
1023 0 0 0 0 0 0 0 0 0 0 0 0 0 0 0 0.142857142857143 0.142857142857143 0 0 0 0 0.142857142857143 0 0.142857142857143 0.142857142857143 0 0 0 0.142857142857143 0 0.142857142857143 0 0 0 0 0 0 0 0 0 0 0 0 0 0 0 0 0 0
1024 0 0 0 0 0 0 0 0 0 0 0 0 0 0 0 0 0 0 0 0 0 0 0.166666666666667 0 0.166666666666667 0 0 0 0.166666666666667 0.166666666666667 0.166666666666667 0 0.166666666666667 0 0 0 0 0 0 0 0 0 0 0 0 0 0 0 0
1025 0 0 0 0 0 0 0 0 0 0 0 0 0 0 0 0 0 0 0 0 0 0 0.2 0.2 0 0.2 0.2 0 0.2 0 0 0 0 0 0 0 0 0 0 0 0 0 0 0 0 0 0 0 0
1026 0 0 0 0 0 0 0 0 0 0 0 0 0 0 0 0 0 0 0 0 0 0 0 0 0.333333333333333 0 0.333333333333333 0.333333333333333 0 0 0 0 0 0 0 0 0 0 0 0 0 0 0 0 0 0 0 0 0
1027 0 0 0 0 0 0 0 0 0 0 0 0 0 0 0 0 0 0 0 0 0 0 0 0 0.25 0.25 0 0.25 0.25 0 0 0 0 0 0 0 0 0 0 0 0 0 0 0 0 0 0 0 0
1028 0 0 0 0 0 0 0 0 0 0 0 0 0 0 0 0 0 0 0 0 0 0 0 0 0 0.25 0.25 0 0.25 0.25 0 0 0 0 0 0 0 0 0 0 0 0 0 0 0 0 0 0 0
1029 0 0 0 0 0 0 0 0 0 0 0 0 0 0 0 0 0 0 0 0 0 0 0.166666666666667 0.166666666666667 0.166666666666667 0 0.166666666666667 0.166666666666667 0 0.166666666666667 0 0 0 0 0 0 0 0 0 0 0 0 0 0 0 0 0 0 0
1030 0 0 0 0 0 0 0 0 0 0 0 0 0 0 0 0 0 0 0 0 0 0 0 0.166666666666667 0 0 0 0.166666666666667 0.166666666666667 0 0.166666666666667 0 0.166666666666667 0.166666666666667 0 0 0 0 0 0 0 0 0 0 0 0 0 0 0
1031 0 0 0 0 0 0 0 0 0 0 0 0 0 0 0 0 0 0 0.111111111111111 0.111111111111111 0.111111111111111 0.111111111111111 0.111111111111111 0.111111111111111 0 0 0 0 0 0.111111111111111 0 0.111111111111111 0.111111111111111 0 0 0 0 0 0 0 0 0 0 0 0 0 0 0 0
1032 0 0 0 0 0 0 0 0 0.142857142857143 0 0 0 0 0 0 0 0 0 0 0.142857142857143 0 0 0 0 0 0 0 0 0 0 0.142857142857143 0 0.142857142857143 0.142857142857143 0.142857142857143 0.142857142857143 0 0 0 0 0 0 0 0 0 0 0 0 0
1033 0 0 0 0 0 0 0 0 0 0 0 0 0 0 0 0 0 0 0 0 0 0 0 0.166666666666667 0 0 0 0 0 0.166666666666667 0.166666666666667 0.166666666666667 0 0.166666666666667 0.166666666666667 0 0 0 0 0 0 0 0 0 0 0 0 0 0
1034 0 0 0 0 0 0 0 0 0 0 0 0 0 0 0 0 0 0 0 0 0 0 0 0 0 0 0 0 0 0.2 0 0.2 0.2 0 0.2 0 0 0 0 0 0 0 0.2 0 0 0 0 0 0
1035 0 0 0 0 0 0 0 0 0 0 0 0 0 0 0 0 0 0 0 0 0 0 0 0 0 0 0 0 0 0 0 0.142857142857143 0.142857142857143 0.142857142857143 0 0.142857142857143 0 0 0 0 0.142857142857143 0.142857142857143 0.142857142857143 0 0 0 0 0 0
1036 0 0 0 0 0 0 0.125 0 0.125 0 0 0 0 0 0 0 0 0 0 0 0 0 0 0 0 0 0 0 0 0 0 0.125 0 0 0.125 0 0.125 0.125 0 0.125 0 0.125 0 0 0 0 0 0 0
1037 0 0 0.142857142857143 0.142857142857143 0 0 0 0 0 0 0 0 0 0 0 0 0 0 0 0 0 0 0 0 0 0 0 0 0 0 0 0 0 0 0 0.142857142857143 0 0.142857142857143 0.142857142857143 0.142857142857143 0 0.142857142857143 0 0 0 0 0 0 0
1038 0 0 0.2 0 0 0 0.2 0 0.2 0 0 0 0 0 0 0 0 0 0 0 0 0 0 0 0 0 0 0 0 0 0 0 0 0 0 0.2 0.2 0 0 0 0 0 0 0 0 0 0 0 0
1039 0 0 0.25 0.25 0 0 0 0 0 0 0 0 0 0 0 0 0 0 0 0 0 0 0 0 0 0 0 0 0 0 0 0 0 0 0 0 0.25 0 0 0.25 0 0 0 0 0 0 0 0 0
1040 0 0 0 0.166666666666667 0 0 0 0 0 0 0 0 0 0 0 0 0 0 0 0 0 0 0 0 0 0 0 0 0 0 0 0 0 0 0 0.166666666666667 0.166666666666667 0 0.166666666666667 0 0.166666666666667 0.166666666666667 0 0 0 0 0 0 0
1041 0 0 0 0 0 0 0 0 0 0 0 0 0 0 0 0 0 0 0 0 0 0 0 0 0 0 0 0 0 0 0 0 0 0 0.333333333333333 0 0 0 0 0.333333333333333 0 0.333333333333333 0 0 0 0 0 0 0
1042 0 0 0 0 0 0 0 0 0 0 0 0 0 0 0 0 0 0 0 0 0 0 0 0 0 0 0 0 0 0 0 0 0 0 0.2 0.2 0.2 0 0 0.2 0.2 0 0 0 0 0 0 0 0
1043 0 0 0 0 0 0 0 0 0 0 0 0 0 0 0 0 0 0 0 0 0 0 0 0 0 0 0 0 0 0 0 0 0 0.333333333333333 0.333333333333333 0 0 0 0 0 0 0 0 0.333333333333333 0 0 0 0 0
1044 0 0 0 0 0 0 0 0 0 0 0 0 0 0 0 0 0 0 0 0 0 0 0 0 0 0 0 0 0 0 0 0 0 0 0 0 0 0 0 0 0 0 0.25 0 0.25 0.25 0 0 0.25
1045 0 0 0 0 0 0 0 0 0 0 0 0 0 0 0 0 0 0 0 0 0 0 0 0 0 0 0 0 0 0 0 0 0 0 0 0 0 0 0 0 0 0 0 0.5 0 0.5 0 0 0
1046 0 0 0 0 0 0 0 0 0 0 0 0 0 0 0 0 0 0 0 0 0 0 0 0 0 0 0 0 0 0 0 0 0 0 0 0 0 0 0 0 0 0 0 0.2 0.2 0 0.2 0.2 0.2
1047 0 0 0 0 0 0 0 0 0 0 0 0 0 0 0 0 0 0 0 0 0 0 0 0 0 0 0 0 0 0 0 0 0 0 0 0 0 0 0 0 0 0 0 0 0 0.5 0 0.5 0
1048 0 0 0 0 0 0 0 0 0 0 0 0 0 0 0 0 0 0 0 0 0 0 0 0 0 0 0 0 0 0 0 0 0 0 0 0 0 0 0 0 0 0 0 0 0 0.5 0.5 0 0
1049 0 0 0 0 0 0 0 0 0 0 0 0 0 0 0 0 0 0 0 0 0 0 0 0 0 0 0 0 0 0 0 0 0 0 0 0 0 0 0 0 0 0 0 0.5 0 0.5 0 0 0
